cqlsh:mykeyspace> SELECT * FROM forex_train LIMIT 100;

 timestamp             | askdir | avgask  | avgbid  | avgdelta | biddir | currency | maxask  | maxbid  | maxdelta | minask  | minbid  | mindelta
-----------------------+--------+---------+---------+----------+--------+----------+---------+---------+----------+---------+---------+----------
 20090518 22:48:58.529 |      0 |  1.3555 | 1.35546 |   .00004 |      1 |  EUR/USD |  1.3555 | 1.35546 |   .00004 |  1.3555 | 1.35546 |   .00004
 20090520 01:38:56.258 |      0 | 1.36197 | 1.36184 |   .00013 |      0 |  EUR/USD | 1.36197 | 1.36184 |   .00013 | 1.36197 | 1.36184 |   .00013
 20090513 00:38:47.758 |      0 | 1.37212 | 1.37201 |   .00011 |      0 |  EUR/USD | 1.37212 | 1.37201 |   .00011 | 1.37212 | 1.37201 |   .00011
 20090526 06:52:33.758 |      1 |  1.3952 | 1.39518 |   .00002 |      1 |  EUR/USD |  1.3952 | 1.39518 |   .00002 |  1.3952 | 1.39518 |   .00002
 20090508 02:11:02.039 |      0 | 1.33451 | 1.33445 |   .00006 |      0 |  EUR/USD | 1.33451 | 1.33445 |   .00006 | 1.33451 | 1.33445 |   .00006
 20090508 20:32:59.230 |      0 | 1.36389 | 1.36381 |   .00008 |      0 |  EUR/USD | 1.36389 | 1.36381 |   .00008 | 1.36389 | 1.36381 |   .00008
 20090522 10:51:32.038 |      0 | 1.39751 | 1.39751 |        0 |      0 |  EUR/USD | 1.39751 | 1.39751 |        0 | 1.39751 | 1.39751 |        0
 20090518 17:03:49.759 |      0 | 1.35368 | 1.35364 |   .00004 |      1 |  EUR/USD | 1.35368 | 1.35364 |   .00004 | 1.35368 | 1.35364 |   .00004
 20090505 20:28:59.015 |      0 |  1.3336 | 1.33359 |   .00001 |      1 |  EUR/USD |  1.3336 | 1.33359 |   .00001 |  1.3336 | 1.33359 |   .00001
 20090519 14:47:21.511 |      1 | 1.35997 | 1.35991 |   .00006 |      0 |  EUR/USD | 1.35997 | 1.35991 |   .00006 | 1.35997 | 1.35991 |   .00006
 20090505 11:33:22.019 |      0 | 1.33805 | 1.33803 |   .00002 |      1 |  EUR/USD | 1.33805 | 1.33803 |   .00002 | 1.33805 | 1.33803 |   .00002
 20090522 08:26:12.857 |      0 |  1.3945 | 1.39444 |   .00006 |      0 |  EUR/USD |  1.3945 | 1.39444 |   .00006 |  1.3945 | 1.39444 |   .00006
 20090520 14:30:24.146 |      0 | 1.37809 | 1.37801 |   .00008 |      0 |  EUR/USD | 1.37809 | 1.37801 |   .00008 | 1.37809 | 1.37801 |   .00008
 20090511 11:13:02.538 |      1 |  1.3585 | 1.35843 |   .00007 |      0 |  EUR/USD |  1.3585 | 1.35843 |   .00007 |  1.3585 | 1.35843 |   .00007
 20090518 14:52:12.542 |      1 | 1.34946 | 1.34936 |    .0001 |      1 |  EUR/USD | 1.34946 | 1.34936 |    .0001 | 1.34946 | 1.34936 |    .0001
 20090508 08:31:26.817 |      1 |   1.342 | 1.34198 |   .00002 |      0 |  EUR/USD |   1.342 | 1.34198 |   .00002 |   1.342 | 1.34198 |   .00002
 20090507 10:56:53.769 |      0 | 1.33208 | 1.33207 |   .00001 |      0 |  EUR/USD | 1.33208 | 1.33207 |   .00001 | 1.33208 | 1.33207 |   .00001
 20090508 00:13:47.754 |      0 | 1.33748 |  1.3374 |   .00008 |      0 |  EUR/USD | 1.33748 |  1.3374 |   .00008 | 1.33748 |  1.3374 |   .00008
 20090504 05:31:26.530 |      0 |  1.3316 | 1.33154 |   .00006 |      0 |  EUR/USD |  1.3316 | 1.33154 |   .00006 |  1.3316 | 1.33154 |   .00006
 20090507 11:40:58.265 |      0 | 1.32998 | 1.32993 |   .00005 |      1 |  EUR/USD | 1.32998 | 1.32993 |   .00005 | 1.32998 | 1.32993 |   .00005
 20090522 11:33:01.264 |      1 | 1.39556 | 1.39552 |   .00004 |      1 |  EUR/USD | 1.39556 | 1.39552 |   .00004 | 1.39556 | 1.39552 |   .00004
 20090512 17:57:21.993 |      0 | 1.36258 | 1.36251 |   .00007 |      0 |  EUR/USD | 1.36258 | 1.36251 |   .00007 | 1.36258 | 1.36251 |   .00007
 20090512 12:04:28.026 |      0 | 1.36851 | 1.36844 |   .00007 |      0 |  EUR/USD | 1.36851 | 1.36844 |   .00007 | 1.36851 | 1.36844 |   .00007
 20090508 11:13:52.288 |      1 | 1.34118 | 1.34113 |   .00005 |      0 |  EUR/USD | 1.34118 | 1.34113 |   .00005 | 1.34118 | 1.34113 |   .00005
 20090520 08:11:45.183 |      1 | 1.36447 | 1.36435 |   .00012 |      0 |  EUR/USD | 1.36447 | 1.36435 |   .00012 | 1.36447 | 1.36435 |   .00012
 20090514 18:34:02.364 |      0 | 1.36459 | 1.36448 |   .00011 |      0 |  EUR/USD | 1.36459 | 1.36448 |   .00011 | 1.36459 | 1.36448 |   .00011
 20090511 18:55:45.552 |      0 | 1.36006 |    1.36 |   .00006 |      1 |  EUR/USD | 1.36006 |    1.36 |   .00006 | 1.36006 |    1.36 |   .00006
 20090507 09:56:51.263 |      0 | 1.33179 | 1.33175 |   .00004 |      1 |  EUR/USD | 1.33179 | 1.33175 |   .00004 | 1.33179 | 1.33175 |   .00004
 20090526 06:54:50.544 |      1 | 1.39375 | 1.39364 |   .00011 |      0 |  EUR/USD | 1.39375 | 1.39364 |   .00011 | 1.39375 | 1.39364 |   .00011
 20090515 04:24:29.355 |      1 | 1.36279 | 1.36272 |   .00007 |      0 |  EUR/USD | 1.36279 | 1.36272 |   .00007 | 1.36279 | 1.36272 |   .00007
 20090513 19:26:53.544 |      0 | 1.35789 | 1.35781 |   .00008 |      0 |  EUR/USD | 1.35789 | 1.35781 |   .00008 | 1.35789 | 1.35781 |   .00008
 20090512 08:59:10.095 |      0 | 1.36452 |  1.3645 |   .00002 |      1 |  EUR/USD | 1.36452 |  1.3645 |   .00002 | 1.36452 |  1.3645 |   .00002
 20090522 14:10:50.515 |      0 | 1.39931 | 1.39925 |   .00006 |      0 |  EUR/USD | 1.39931 | 1.39925 |   .00006 | 1.39931 | 1.39925 |   .00006
 20090508 11:08:58.603 |      0 | 1.34139 | 1.34133 |   .00006 |      0 |  EUR/USD | 1.34139 | 1.34133 |   .00006 | 1.34139 | 1.34133 |   .00006
 20090513 06:48:06.031 |      0 | 1.36964 |  1.3696 |   .00004 |      0 |  EUR/USD | 1.36964 |  1.3696 |   .00004 | 1.36964 |  1.3696 |   .00004
 20090503 23:57:35.289 |      0 | 1.32875 | 1.32862 |   .00013 |      0 |  EUR/USD | 1.32875 | 1.32862 |   .00013 | 1.32875 | 1.32862 |   .00013
 20090525 18:38:08.102 |      0 | 1.40213 | 1.40203 |    .0001 |      0 |  EUR/USD | 1.40213 | 1.40203 |    .0001 | 1.40213 | 1.40203 |    .0001
 20090511 06:30:12.013 |      0 | 1.36457 | 1.36451 |   .00006 |      0 |  EUR/USD | 1.36457 | 1.36451 |   .00006 | 1.36457 | 1.36451 |   .00006
 20090518 08:24:15.777 |      0 | 1.34535 |  1.3453 |   .00005 |      0 |  EUR/USD | 1.34535 |  1.3453 |   .00005 | 1.34535 |  1.3453 |   .00005
 20090501 12:30:32.887 |      0 | 1.32833 | 1.32825 |   .00008 |      0 |  EUR/USD | 1.32833 | 1.32825 |   .00008 | 1.32833 | 1.32825 |   .00008
 20090506 19:45:16.519 |      0 | 1.33281 | 1.33279 |   .00002 |      1 |  EUR/USD | 1.33281 | 1.33279 |   .00002 | 1.33281 | 1.33279 |   .00002
 20090512 06:27:57.020 |      1 | 1.36158 | 1.36154 |   .00004 |      1 |  EUR/USD | 1.36158 | 1.36154 |   .00004 | 1.36158 | 1.36154 |   .00004
 20090514 14:35:13.264 |      0 | 1.36035 | 1.36026 |   .00009 |      0 |  EUR/USD | 1.36035 | 1.36026 |   .00009 | 1.36035 | 1.36026 |   .00009
 20090514 12:23:06.627 |      1 | 1.35466 | 1.35455 |   .00011 |      0 |  EUR/USD | 1.35466 | 1.35455 |   .00011 | 1.35466 | 1.35455 |   .00011
 20090519 06:24:56.760 |      1 |   1.355 | 1.35493 |   .00007 |      0 |  EUR/USD |   1.355 | 1.35493 |   .00007 |   1.355 | 1.35493 |   .00007
 20090505 08:13:05.281 |      0 |  1.3343 | 1.33427 |   .00003 |      0 |  EUR/USD |  1.3343 | 1.33427 |   .00003 |  1.3343 | 1.33427 |   .00003
 20090518 09:42:28.580 |      1 | 1.34824 | 1.34815 |   .00009 |      1 |  EUR/USD | 1.34824 | 1.34815 |   .00009 | 1.34824 | 1.34815 |   .00009
 20090519 14:56:20.380 |      1 | 1.36127 | 1.36121 |   .00006 |      0 |  EUR/USD | 1.36127 | 1.36121 |   .00006 | 1.36127 | 1.36121 |   .00006
 20090511 05:25:48.281 |      1 | 1.36341 | 1.36332 |   .00009 |      0 |  EUR/USD | 1.36341 | 1.36332 |   .00009 | 1.36341 | 1.36332 |   .00009
 20090505 03:39:29.193 |      0 | 1.33744 | 1.33737 |   .00007 |      0 |  EUR/USD | 1.33744 | 1.33737 |   .00007 | 1.33744 | 1.33737 |   .00007
 20090519 08:21:02.020 |      0 | 1.36185 | 1.36181 |   .00004 |      0 |  EUR/USD | 1.36185 | 1.36181 |   .00004 | 1.36185 | 1.36181 |   .00004
 20090525 03:01:43.029 |      1 | 1.39934 | 1.39922 |   .00012 |      0 |  EUR/USD | 1.39934 | 1.39922 |   .00012 | 1.39934 | 1.39922 |   .00012
 20090505 16:53:30.760 |      1 | 1.33611 | 1.33598 |   .00013 |      0 |  EUR/USD | 1.33611 | 1.33598 |   .00013 | 1.33611 | 1.33598 |   .00013
 20090519 06:08:54.038 |      0 | 1.35431 | 1.35431 |        0 |      0 |  EUR/USD | 1.35431 | 1.35431 |        0 | 1.35431 | 1.35431 |        0
 20090513 19:54:10.290 |      0 | 1.35916 | 1.35911 |   .00005 |      0 |  EUR/USD | 1.35916 | 1.35911 |   .00005 | 1.35916 | 1.35911 |   .00005
 20090520 11:43:10.261 |      1 | 1.36923 | 1.36917 |   .00006 |      1 |  EUR/USD | 1.36923 | 1.36917 |   .00006 | 1.36923 | 1.36917 |   .00006
 20090513 12:38:53.887 |      0 |  1.3579 | 1.35786 |   .00004 |      1 |  EUR/USD |  1.3579 | 1.35786 |   .00004 |  1.3579 | 1.35786 |   .00004
 20090519 13:38:57.757 |      0 | 1.35933 | 1.35927 |   .00006 |      1 |  EUR/USD | 1.35933 | 1.35927 |   .00006 | 1.35933 | 1.35927 |   .00006
 20090514 19:11:46.019 |      0 | 1.36459 | 1.36453 |   .00006 |      0 |  EUR/USD | 1.36459 | 1.36453 |   .00006 | 1.36459 | 1.36453 |   .00006
 20090526 02:17:38.119 |      0 | 1.39748 | 1.39742 |   .00006 |      0 |  EUR/USD | 1.39748 | 1.39742 |   .00006 | 1.39748 | 1.39742 |   .00006
 20090513 13:31:29.512 |      1 |  1.3599 | 1.35987 |   .00003 |      1 |  EUR/USD |  1.3599 | 1.35987 |   .00003 |  1.3599 | 1.35987 |   .00003
 20090511 14:10:39.543 |      1 | 1.36057 | 1.36052 |   .00005 |      1 |  EUR/USD | 1.36057 | 1.36052 |   .00005 | 1.36057 | 1.36052 |   .00005
 20090512 08:14:17.283 |      0 |  1.3653 | 1.36525 |   .00005 |      1 |  EUR/USD |  1.3653 | 1.36525 |   .00005 |  1.3653 | 1.36525 |   .00005
 20090507 12:44:45.561 |      0 | 1.33301 | 1.33294 |   .00007 |      0 |  EUR/USD | 1.33301 | 1.33294 |   .00007 | 1.33301 | 1.33294 |   .00007
 20090522 12:36:51.761 |      1 | 1.39961 | 1.39955 |   .00006 |      1 |  EUR/USD | 1.39961 | 1.39955 |   .00006 | 1.39961 | 1.39955 |   .00006
 20090505 05:20:31.265 |      1 | 1.33608 | 1.33604 |   .00004 |      1 |  EUR/USD | 1.33608 | 1.33604 |   .00004 | 1.33608 | 1.33604 |   .00004
 20090506 05:12:16.202 |      0 |  1.3256 | 1.32554 |   .00006 |      0 |  EUR/USD |  1.3256 | 1.32554 |   .00006 |  1.3256 | 1.32554 |   .00006
 20090505 19:29:04.899 |      0 | 1.33147 | 1.33138 |   .00009 |      0 |  EUR/USD | 1.33147 | 1.33138 |   .00009 | 1.33147 | 1.33138 |   .00009
 20090507 13:12:26.513 |      1 | 1.34167 | 1.34155 |   .00012 |      0 |  EUR/USD | 1.34167 | 1.34155 |   .00012 | 1.34167 | 1.34155 |   .00012
 20090519 04:18:57.367 |      1 | 1.35775 | 1.35768 |   .00007 |      1 |  EUR/USD | 1.35775 | 1.35768 |   .00007 | 1.35775 | 1.35768 |   .00007
 20090522 02:56:54.375 |      0 | 1.39371 | 1.39364 |   .00007 |      1 |  EUR/USD | 1.39371 | 1.39364 |   .00007 | 1.39371 | 1.39364 |   .00007
 20090507 12:54:22.246 |      0 | 1.33751 |  1.3374 |   .00011 |      1 |  EUR/USD | 1.33751 |  1.3374 |   .00011 | 1.33751 |  1.3374 |   .00011
 20090526 00:57:51.042 |      0 | 1.39887 | 1.39882 |   .00005 |      0 |  EUR/USD | 1.39887 | 1.39882 |   .00005 | 1.39887 | 1.39882 |   .00005
 20090507 18:44:07.022 |      1 | 1.33765 | 1.33761 |   .00004 |      0 |  EUR/USD | 1.33765 | 1.33761 |   .00004 | 1.33765 | 1.33761 |   .00004
 20090505 13:56:23.785 |      0 | 1.33826 | 1.33821 |   .00005 |      0 |  EUR/USD | 1.33826 | 1.33821 |   .00005 | 1.33826 | 1.33821 |   .00005
 20090518 02:38:22.259 |      1 | 1.34453 | 1.34443 |    .0001 |      0 |  EUR/USD | 1.34453 | 1.34443 |    .0001 | 1.34453 | 1.34443 |    .0001
 20090513 11:35:08.263 |      0 |  1.3638 | 1.36372 |   .00008 |      0 |  EUR/USD |  1.3638 | 1.36372 |   .00008 |  1.3638 | 1.36372 |   .00008
 20090515 08:25:42.435 |      1 | 1.35848 | 1.35842 |   .00006 |      0 |  EUR/USD | 1.35848 | 1.35842 |   .00006 | 1.35848 | 1.35842 |   .00006
 20090501 11:15:05.021 |      0 | 1.32788 | 1.32784 |   .00004 |      1 |  EUR/USD | 1.32788 | 1.32784 |   .00004 | 1.32788 | 1.32784 |   .00004
 20090520 08:44:33.082 |      0 | 1.36506 |   1.365 |   .00006 |      0 |  EUR/USD | 1.36506 |   1.365 |   .00006 | 1.36506 |   1.365 |   .00006
 20090525 12:14:03.222 |      0 | 1.40118 | 1.40111 |   .00007 |      0 |  EUR/USD | 1.40118 | 1.40111 |   .00007 | 1.40118 | 1.40111 |   .00007
 20090507 12:40:51.271 |      0 |   1.334 |  1.3339 |    .0001 |      0 |  EUR/USD |   1.334 |  1.3339 |    .0001 |   1.334 |  1.3339 |    .0001
 20090511 10:50:51.017 |      1 | 1.36034 | 1.36024 |    .0001 |      0 |  EUR/USD | 1.36034 | 1.36024 |    .0001 | 1.36034 | 1.36024 |    .0001
 20090506 06:45:05.031 |      1 |  1.3282 |  1.3282 |        0 |      1 |  EUR/USD |  1.3282 |  1.3282 |        0 |  1.3282 |  1.3282 |        0
 20090514 05:03:37.014 |      1 | 1.35755 | 1.35747 |   .00008 |      0 |  EUR/USD | 1.35755 | 1.35747 |   .00008 | 1.35755 | 1.35747 |   .00008
 20090506 03:44:39.533 |      0 |  1.3263 | 1.32621 |   .00009 |      1 |  EUR/USD |  1.3263 | 1.32621 |   .00009 |  1.3263 | 1.32621 |   .00009
 20090506 09:39:12.283 |      1 |  1.3312 | 1.33112 |   .00008 |      0 |  EUR/USD |  1.3312 | 1.33112 |   .00008 |  1.3312 | 1.33112 |   .00008
 20090513 14:48:30.096 |      0 | 1.36031 | 1.36024 |   .00007 |      0 |  EUR/USD | 1.36031 | 1.36024 |   .00007 | 1.36031 | 1.36024 |   .00007
 20090526 06:52:30.555 |      0 | 1.39516 | 1.39511 |   .00005 |      0 |  EUR/USD | 1.39516 | 1.39511 |   .00005 | 1.39516 | 1.39511 |   .00005
 20090511 08:01:51.511 |      0 | 1.36101 | 1.36099 |   .00002 |      0 |  EUR/USD | 1.36101 | 1.36099 |   .00002 | 1.36101 | 1.36099 |   .00002
 20090514 07:58:45.542 |      0 | 1.35859 | 1.35858 |   .00001 |      1 |  EUR/USD | 1.35859 | 1.35858 |   .00001 | 1.35859 | 1.35858 |   .00001
 20090515 06:30:37.352 |      0 |  1.3604 | 1.36038 |   .00002 |      0 |  EUR/USD |  1.3604 | 1.36038 |   .00002 |  1.3604 | 1.36038 |   .00002
 20090514 06:13:09.285 |      0 | 1.35603 | 1.35594 |   .00009 |      0 |  EUR/USD | 1.35603 | 1.35594 |   .00009 | 1.35603 | 1.35594 |   .00009
 20090508 10:13:56.307 |      0 |  1.3394 | 1.33932 |   .00008 |      0 |  EUR/USD |  1.3394 | 1.33932 |   .00008 |  1.3394 | 1.33932 |   .00008
 20090514 10:56:50.016 |      0 | 1.35716 | 1.35712 |   .00004 |      1 |  EUR/USD | 1.35716 | 1.35712 |   .00004 | 1.35716 | 1.35712 |   .00004
 20090511 02:06:36.261 |      1 | 1.36343 | 1.36338 |   .00005 |      1 |  EUR/USD | 1.36343 | 1.36338 |   .00005 | 1.36343 | 1.36338 |   .00005
 20090504 06:48:37.269 |      1 | 1.33183 | 1.33175 |   .00008 |      0 |  EUR/USD | 1.33183 | 1.33175 |   .00008 | 1.33183 | 1.33175 |   .00008
 20090510 22:38:26.031 |      0 | 1.36319 | 1.36301 |   .00018 |      0 |  EUR/USD | 1.36319 | 1.36301 |   .00018 | 1.36319 | 1.36301 |   .00018
 20090513 07:49:59.462 |      0 | 1.37006 | 1.36996 |    .0001 |      0 |  EUR/USD | 1.37006 | 1.36996 |    .0001 | 1.37006 | 1.36996 |    .0001
 20090507 04:25:23.280 |      0 | 1.32897 | 1.32887 |    .0001 |      0 |  EUR/USD | 1.32897 | 1.32887 |    .0001 | 1.32897 | 1.32887 |    .0001

(100 rows)
