cqlsh:mykeyspace> SELECT * FROM predictions LIMIT 100;

 timestamp             | actual | predicted
-----------------------+--------+-----------
 20090526 08:06:54.798 |      0 |         0
 20090526 08:04:17.036 |      0 |         0
 20090526 08:03:37.165 |      0 |         0
 20090526 08:06:14.780 |      0 |         0
 20090526 08:02:10.545 |      0 |         0
 20090526 08:05:55.670 |      0 |         1
 20090526 08:05:39.525 |      0 |         0
 20090526 08:06:05.285 |      0 |         0
 20090526 08:04:57.591 |      0 |         0
 20090526 08:06:56.287 |      0 |         0
 20090526 08:05:23.868 |      0 |         0
 20090526 08:06:21.147 |      0 |         1
 20090526 08:06:27.266 |      0 |         0
 20090526 08:02:10.310 |      0 |         0
 20090526 08:06:00.549 |      0 |         1
 20090526 08:07:04.209 |      0 |         1
 20090526 08:02:22.018 |      0 |         1
 20090526 08:04:46.515 |      0 |         0
 20090526 08:04:03.276 |      0 |         0
 20090526 08:06:23.548 |      0 |         0
 20090526 08:02:40.556 |      0 |         1
 20090526 08:06:12.552 |      0 |         0
 20090526 08:03:15.649 |      0 |         0
 20090526 08:05:49.564 |      0 |         0
 20090526 08:02:10.586 |      0 |         0
 20090526 08:05:51.570 |      0 |         0
 20090526 08:06:35.690 |      0 |         1
 20090526 08:02:58.025 |      0 |         0
 20090526 08:04:45.031 |      0 |         1
 20090526 08:05:39.643 |      0 |         0
 20090526 08:06:22.046 |      0 |         0
 20090526 08:05:47.261 |      0 |         0
 20090526 08:06:21.016 |      0 |         0
 20090526 08:02:43.518 |      0 |         0
 20090526 08:06:42.794 |      0 |         0
 20090526 08:02:46.782 |      0 |         1
 20090526 08:04:23.265 |      0 |         1
 20090526 08:05:43.376 |      0 |         0
 20090526 08:04:30.019 |      0 |         0
 20090526 08:07:03.902 |      0 |         0
 20090526 08:03:05.285 |      0 |         0
 20090526 08:05:31.155 |      0 |         1
 20090526 08:05:24.766 |      0 |         0
 20090526 08:06:05.810 |      0 |         1
 20090526 08:05:54.305 |      0 |         0
 20090526 08:05:12.016 |      0 |         0
 20090526 08:02:20.271 |      0 |         1
 20090526 08:07:00.340 |      0 |         1
 20090526 08:02:36.262 |      0 |         0
 20090526 08:06:59.273 |      0 |         1
 20090526 08:02:14.261 |      0 |         0
 20090526 08:05:54.266 |      0 |         0
 20090526 08:06:41.765 |      0 |         1
 20090526 08:05:52.279 |      0 |         0
 20090526 08:06:19.514 |      0 |         0
 20090526 08:04:34.047 |      0 |         0
 20090526 08:04:27.779 |      0 |         0
 20090526 08:07:02.527 |      0 |         0
 20090526 08:02:39.015 |      0 |         0
 20090526 08:06:18.802 |      0 |         0
 20090526 08:05:01.789 |      0 |         0
 20090526 08:04:53.802 |      0 |         0
 20090526 08:06:14.762 |      0 |         1
 20090526 08:02:47.046 |      0 |         0
 20090526 08:06:37.778 |      0 |         0
 20090526 08:04:04.292 |      0 |         0
 20090526 08:06:37.792 |      1 |         1
 20090526 08:06:01.525 |      0 |         0
 20090526 08:05:56.290 |      0 |         1
 20090526 08:02:41.031 |      0 |         0
 20090526 08:02:48.014 |      0 |         1
 20090526 08:05:48.055 |      0 |         0
 20090526 08:06:39.289 |      0 |         0
 20090526 08:04:17.538 |      0 |         0
 20090526 08:05:52.328 |      0 |         0
 20090526 08:03:18.269 |      0 |         1
 20090526 08:02:24.523 |      0 |         0
 20090526 08:06:12.297 |      0 |         0
 20090526 08:04:36.286 |      0 |         0
 20090526 08:06:39.020 |      0 |         0
 20090526 08:02:08.264 |      0 |         1
 20090526 08:06:52.907 |      0 |         0
 20090526 08:02:36.276 |      0 |         1
 20090526 08:06:43.465 |      0 |         1
 20090526 08:05:06.761 |      0 |         1
 20090526 08:06:23.780 |      0 |         0
 20090526 08:06:32.765 |      0 |         0
 20090526 08:05:24.765 |      0 |         0
 20090526 08:06:21.798 |      0 |         0
 20090526 08:03:17.534 |      0 |         0
 20090526 08:05:42.516 |      0 |         0
 20090526 08:02:53.761 |      0 |         1
 20090526 08:05:02.037 |      0 |         0
 20090526 08:05:52.034 |      0 |         0
 20090526 08:06:28.266 |      0 |         0
 20090526 08:02:10.521 |      0 |         0
 20090526 08:04:46.537 |      0 |         0
 20090526 08:06:49.826 |      0 |         0
 20090526 08:06:23.787 |      0 |         1
 20090526 08:04:54.290 |      0 |         0

(100 rows)